Ireation 1     0.48   0.7368   0.18   
Ireation 2     0.3995   0.5789   -0.0051   
Ireation 3     0.4343   0.6544   0.0314   
Ireation 4     0.4239   0.6355   0.0145   
Ireation 5     0.4274   0.643   0.019   
Ireation 6     0.4263   0.6409   0.0173   
Ireation 7     0.4267   0.6416   0.0178   

Ireation 1     -2.4839   0.5333   0.2576   0.1412   
Ireation 2     -2.7713   0.6031   0.3362   0.098   
Ireation 3     -2.809   0.6073   0.3632   0.0777   
Ireation 4     -2.8135   0.6063   0.372   0.0729   
Ireation 5     -2.8143   0.6055   0.374   0.0715   
Ireation 6     -2.8143   0.6054   0.3746   0.0714   

